time,x,y,z,phi,theta,psi,x_velocity,y_velocity,z_velocity,phi_velocity,theta_velocity,psi_velocity,rotor_speed1,rotor_speed2,rotor_speed3,rotor_speed4
0.06,7.552714741630189e-08,6.008230529736172e-07,10.007325124793612,0.0004240441911518289,6.283085542140654,0.0,8.391448424769222e-06,4.965731053789855e-05,0.24414989955877564,0.018385765580660855,-0.00521518983073132,0.0,481.2682994833922,480.8735122520121,479.16457231291025,480.559916957042
0.12000000000000001,4.6035048201180105e-06,2.1625946964501453e-05,10.029664672068016,0.0026413320248792616,6.2827423184566555,0.0,0.0001835631307362832,0.000876799502079149,0.5004241534946385,0.05979694096287746,-0.006750495760794498,0.0,483.36868781872573,483.2530928913603,483.2207740640695,486.33235982584364
0.18,2.856071691320422e-05,0.00015714805432392542,10.067099650406634,0.006280733864123533,6.282378658476322,0.0,0.0006624651628686401,0.004087431272420255,0.7472779378012697,0.0623223190686548,-0.004716427076462997,0.0,480.7928822403105,480.94704715883745,482.1212925601047,482.3143299472794
0.23999999999999996,8.74313684819951e-05,0.00055753033585528,10.116540088447879,0.009782911786272663,6.2817106748706095,0.0,0.0013467393169955288,0.009657444369107728,0.9006249640885033,0.04898583214146943,-0.028799158730100666,0.0,455.66053916048156,453.7315566187847,454.051642071834,452.9828548378273
0.3,0.00021101282879787436,0.0013828963259157805,10.176733977140003,0.012698605790853357,6.279932928522564,0.0,0.0029783196863787673,0.01819706022236508,1.1056579895281353,0.04780161615267408,-0.031342625377026506,0.0,470.49266480675084,470.29550847994597,469.4382101536729,469.34763778187335
0.36000000000000004,0.000459593055663195,0.0027316971240547686,10.244842104819265,0.015496199696618973,6.278140829249079,0.0,0.005483481168316227,0.027033992861765832,1.1645499782684525,0.044167176817211794,-0.027072189475384343,0.0,425.0109137527681,425.3763973495626,424.80850274090494,424.4981780541917
0.4200000000000001,0.0008987964494525119,0.004687167884745769,10.317897613989917,0.01837544857199802,6.277362056426975,0.0,0.00927026337087676,0.03843191550400911,1.2705160447832216,0.05470105981877741,0.006057910581518968,0.0,438.6770608717898,441.419241284717,439.8867534828739,440.7595096355824
0.48000000000000015,0.0015729953021383495,0.007384736713172388,10.397087730971695,0.021894669810601286,6.278288051427136,0.0,0.013132055230124909,0.05183196707528929,1.369034687223721,0.06557117442438372,0.029574741677833673,0.0,437.006848502025,438.96245872986924,437.7438682833806,438.64982526109344
0.5400000000000001,0.0024374983688916613,0.010874340417249459,10.47834446143407,0.02533638899034596,6.280155168199027,0.0,0.015533846721061968,0.06480264069515881,1.3395511471277077,0.030983568265115655,0.034039656065595426,0.0,395.8732998765917,396.2843581094308,396.8758063661982,393.6911617820708
0.6000000000000002,0.0034269689625053223,0.015317826532021017,10.562682227803514,0.026838056384672626,6.2820591250285425,0.0,0.01723690315133602,0.08349284112559557,1.4715420531989303,0.009142794674393936,0.02666641731614334,0.0,449.2953866477825,448.6976085559437,449.4669413591643,447.6936395944642
0.6600000000000003,0.004478591891910406,0.020892881849829646,10.65428819127474,0.02779081069894751,0.00046524543518344785,0.0,0.01765180533406991,0.10241846962424457,1.5818409331527747,0.02676406075594598,0.026237049817241682,0.0,442.3652991235181,442.3300995599047,441.6837066211452,443.13438853179974
0.7200000000000003,0.005520902794914608,0.027655355984016014,10.753514956280506,0.029538260581182918,0.0021905201840359823,0.0,0.016912581791233925,0.12317341200102849,1.7255056777865334,0.03346900061269187,0.03336542375194163,0.0,453.06994913444294,453.64287514111936,452.5185596688623,453.05815740590435
0.7800000000000004,0.006476812975487265,0.035721370572632784,10.861979116249843,0.031412381661276356,0.0036069117119739147,0.0,0.014737232259248178,0.14590244822670534,1.889700937442181,0.02634612535592777,-0.017306800449298918,0.0,462.37896445974087,458.3699691948274,459.47862371920723,458.9139313027687
0.8400000000000004,0.007285750365549741,0.045169878429893444,10.979602737036393,0.03312494583735681,0.0029493689114916677,0.0,0.012317385118781672,0.16921790279045257,2.030839284390284,0.032608482008140614,-0.0005918923835532249,0.0,453.1513889630288,454.49305695073235,452.56935699767365,453.0733028726953
0.9000000000000005,0.007956235782771963,0.056101894152862146,11.107055327318113,0.034613132259531554,0.0024966890973301403,0.0,0.010054264371451693,0.1953777877818248,2.2172287202245293,0.0007211128646280162,-0.027471222307619197,0.0,468.8416828060227,466.7488075220542,468.5091186512682,466.02347961716475
0.9600000000000005,0.00850930630178902,0.06861737422063734,11.245315465900573,0.03523481598630607,0.0004717187930172173,0.0,0.008584544253545824,0.22183479218778993,2.3910920620239824,0.024807592886043228,-0.05086209836094513,0.0,464.5967875892821,462.7587448865427,464.4072769374858,466.2925594964561
1.0200000000000005,0.00902607945667182,0.08263706291296556,11.391122398400407,0.03657052168176911,6.280778333625527,0.0,0.00893358248155722,0.24562115457454317,2.4689664001878335,0.016610776776665837,-0.04275936600066277,0.0,435.0981537989164,435.7745021089202,435.99942820667013,435.31411629638603
1.0800000000000005,0.00962651295627593,0.09819343041211513,11.543908200811487,0.03737750685332841,6.277973471850473,0.0,0.01137390889812458,0.2730107084705367,2.6235443196006445,0.006229823682390226,-0.05623461073922701,0.0,460.21632647322275,459.1472552388625,460.3257047719718,459.5034057262127
1.1400000000000006,0.01042958108172884,0.11534928984400888,11.704361436041689,0.03851223071998522,6.274846111273456,0.0,0.015724822173909914,0.2989256935553576,2.724653091327016,0.03659285784974435,-0.0449607870607159,0.0,443.38837757846716,444.31180210441266,442.98576388303695,445.47547624232305
1.2000000000000006,0.01153690055049016,0.13400479218745842,11.868712567270807,0.04031739835080739,6.271712858038242,0.0,0.02144585614711781,0.3231076686056627,2.753635352855666,0.012059721655632818,-0.07353992552881707,0.0,422.03676897521285,419.5605546210477,422.92134721440044,420.80328760618795
1.2600000000000007,0.013081225617431193,0.15423742300617013,12.037222047234785,0.041215865219061065,6.267400658619042,0.0,0.030479391113049245,0.3513846639227693,2.863066593314015,0.02024532342736261,-0.06872507072994763,0.0,446.3292630438875,446.7180844178038,447.84188109828193,448.5070847373734
1.3200000000000007,0.015325405814759845,0.17635853984825448,12.216439748018729,0.0421397647463051,6.263421464202398,0.0,0.0448171002022,0.3860920584791228,3.1101982072937258,0.0033164503038694794,-0.06190000295618621,0.0,488.22757037983445,488.7336669732502,490.1062158118991,488.84627782795377
1.3800000000000008,0.01837659830059339,0.20026781091104376,12.403080857470359,0.042400458750683434,6.259528651841968,0.0,0.05722099014186524,0.4109007059453181,3.111158209306003,0.0063264017385051136,-0.07162565618884993,0.0,414.679241524355,413.82052046447666,414.1541076649419,414.4186924062683
1.4400000000000008,0.022340759165727808,0.22584039591901664,12.593781660880099,0.04286726872725666,6.2548405501983915,0.0,0.07538424551272116,0.44154502950439056,3.2451450821825754,0.010539827724885622,-0.09615965255533718,0.0,456.7333680540798,454.7674200377612,457.98371417904315,458.3186048356383
1.5000000000000009,0.027507791711249924,0.25327022071148403,12.792710968884569,0.04321437834723785,6.249326353744955,0.0,0.0974462491268498,0.47281638963787914,3.385399741591333,-0.006006139203237033,-0.08452433508685206,0.0,458.90571000065125,459.82150789192747,460.6578563338135,459.34751365177385
1.560000000000001,0.034224233715226565,0.2827137456191817,13.003170389587547,0.0425615891701101,6.244962957326855,0.0,0.12698242888870384,0.5085381858270044,3.6291472724931806,-0.023047083056344533,-0.05594058024114887,0.0,489.92095463137593,492.0377956550313,491.6213881242295,490.35720347898496
1.620000000000001,0.04278421389768887,0.3142464879956626,13.2274906838646,0.041206276182972346,6.242449668486223,0.0,0.1586624211091307,0.5423544754279362,3.8474727927302785,-0.02168699143396087,-0.02289177747796934,0.0,484.2732808363547,486.75188080626504,484.84620531405835,484.9483980967794
1.680000000000001,0.053090906189928365,0.34756791927502234,13.459851935452049,0.04036361388079612,6.2410023605494445,0.0,0.18502013825409433,0.568249677326506,3.8977245317067157,-0.001992100214152728,-0.026702545010757184,0.0,436.0690990477492,435.75054130288737,434.50769494901033,436.15586720568507
1.740000000000001,0.06520422805981524,0.3826184988401418,13.699895198430218,0.04056758295303453,6.240471607065743,0.0,0.21883590230386601,0.6000766119240921,4.102987882664602,0.012446140624113745,0.013439019579738256,0.0,482.2839027530359,485.3064843224557,482.0904942200586,483.18022922071356
1.8000000000000012,0.07925389195806966,0.41949437892775915,13.949999071416412,0.04132699263772022,6.240759034255319,0.0,0.24939392947186267,0.6291763082170707,4.233322844732667,0.013074901566255067,-0.024506600498325308,0.0,464.23936840572935,461.2521081957764,462.2273674219552,462.2767919927102
1.8600000000000012,0.09515748845043615,0.4581492837957474,14.208338979113254,0.042076595639571224,6.239687037472127,0.0,0.28083696573138467,0.6593766985107461,4.377444526169239,0.011304236627933412,-0.007109583185340897,0.0,466.5551913328995,467.9116687576813,468.1397041613634,468.0017645514762
1.9200000000000013,0.11295418301674612,0.4986195945911248,14.475045854690157,0.042581669864143024,6.239968656451246,0.0,0.3123623204858977,0.6896709933354799,4.512246591538866,0.001909594088338872,0.021486592445232204,0.0,465.499677467294,467.7322413440502,465.7365458515563,465.00099812015816
1.9800000000000013,0.13244743134436956,0.5407347746270795,14.74559900623492,0.04285568405932505,6.24139847504123,0.0,0.3372939532666257,0.7141815962236581,4.506212207588967,0.009412646289613198,0.028147480244852224,0.0,422.77560843378984,423.3492959304092,422.03156857793886,422.67868805230034
2.0400000000000014,0.15362893825492055,0.5845526415037802,15.021060182790979,0.04371268114546467,6.243041867520429,0.0,0.3685385684318802,0.7464614172305584,4.675141942522457,0.02257960678251922,0.025830137551028007,0.0,477.5700868456387,477.39340625267914,476.3454854712563,477.35129697340665
2.1000000000000014,0.17646651783062345,0.6301290693763879,15.302114904259243,0.04499475896334815,6.244247077359866,0.0,0.3925812245357315,0.772863701234589,4.693263645200482,0.018827610460017113,0.004977763438207656,0.0,433.17274591878737,431.41541111061395,432.0633433792495,431.74687456375193
2.1600000000000015,0.20074369160939046,0.6773291685993847,15.584651311979467,0.04586279307978902,6.244677456043803,0.0,0.4166165131035736,0.8005552113933142,4.724473645265187,0.0038864773937881455,0.01123704286507332,0.0,435.6623674075984,436.1853680761985,437.72227624855066,436.47686795271613
2.2200000000000015,0.22654777729404912,0.7263158840231099,15.871519980539748,0.04615031366685063,6.245474331080366,0.0,0.4434217994133407,0.8323343272629753,4.837333492936604,0.006544303078777584,0.017084632417027276,0.0,462.7422399495293,463.2022594784821,461.47643998763783,461.686125665601
2.2800000000000016,0.2537614384918791,0.7769933073011993,16.160373982337013,0.0462954634120738,6.2468055717100235,0.0,0.4636082148578452,0.856938677575328,4.791324203248254,-0.007467914360961574,0.03081971238491474,0.0,411.383385888486,412.5980477049333,413.3718235144429,412.1349802089652
2.3400000000000016,0.28214955951229076,0.8291299895101537,16.446129617201397,0.04596371276126465,6.248498714390681,0.0,0.48252739483164236,0.88092405833819,4.734106898046405,-0.0019090670504316122,0.02243238192185554,0.0,408.7765102949428,408.0285866397664,407.5497613001376,408.0464770012359
2.4000000000000017,0.31166699678058574,0.8827273297719819,16.72904945902334,0.045741611692836415,6.249390538951285,0.0,0.501291225278907,0.9056401797336929,4.696709283932712,-0.007552535061435918,-0.007981501883618505,0.0,416.128849427657,413.4575055125052,414.0766288129499,413.57986429402416
2.4600000000000017,0.34233344348289757,0.9378463623302982,17.010709451596963,0.04522542940962815,6.24940655107126,0.0,0.5209383323786114,0.9316116594220679,4.691971965747318,-0.01079149858814134,0.013071031391789199,0.0,424.0032848911066,425.8083588265571,425.00077197555737,424.7231475970492
2.520000000000002,0.37427864348341794,0.9946534321107631,17.29520301559815,0.04487815567730813,6.250678339308253,0.0,0.5437755792462012,0.9618813629288822,4.790735300071972,0.002702311817878429,0.033848633456395376,0.0,456.39048444525133,458.046029878522,457.68508123389347,458.75800019474326
2.580000000000002,0.40748515724275575,1.0531623522602196,17.583213374851393,0.044905708640156305,6.252848244102189,0.0,0.562911441481844,0.9884137945682216,4.809532040673597,-0.004454156300197602,0.04043541971406321,0.0,433.5554974752105,434.10925258517676,433.3305104971862,432.728413223333
2.640000000000002,0.4419353268010443,1.1134669404773785,17.876945171811364,0.04465435503208859,6.255442643609541,0.0,0.5851171635896775,1.0216687626469603,4.980797854374211,-0.0036645311347792402,0.048328470219357544,0.0,480.49654679436753,481.09549374384704,479.90905913336195,479.9690775648503
2.700000000000002,0.47748240132174186,1.1754756464461165,18.17459476296273,0.044129422044621336,6.2583640849894415,0.0,0.5995475941838423,1.045259336335211,4.941038284239846,-0.021597594645994186,0.04940521976600132,0.0,414.92208076721886,415.01825830337106,417.56961118113963,416.0021082035627
2.760000000000002,0.514005906281076,1.2391772293131276,18.476452217386257,0.04381876235679805,6.261481949088619,0.0,0.6175313357057538,1.0780049043609685,5.120098522655046,0.01592789190548211,0.05664431394466516,0.0,483.14010313226106,483.68715309951705,482.57240796578924,485.39709875816936
2.820000000000002,0.551475310755025,1.3047212201357616,18.78629165531339,0.044923103512803486,6.264851349693636,0.0,0.6310952076092616,1.1068742528029525,5.207484912863971,0.022950041657153804,0.055163529369910834,0.0,456.91987504832935,456.8038390965172,458.8133086908323,459.3704927404017
2.880000000000002,0.5895871021524103,1.371759685559755,19.095618318397317,0.04619576694935912,6.2678867149577115,0.0,0.6390705157243405,1.1278516373628567,5.103874747030055,0.017484524316260613,0.03936502949568236,0.0,397.4971750380471,396.0483785956555,395.740496895907,395.23704986035386
2.940000000000002,0.6281931725073553,1.440255340525624,19.402654289813317,0.047249978237958956,6.2700678330888735,0.0,0.6475841196955182,1.155419565752375,5.130531439670931,0.01774095703199868,0.029519570987892384,0.0,439.0841922320691,438.26712644026986,439.0042560643482,439.02546772586794
3.000000000000002,0.6672693554625709,1.510417373873332,19.711167927291203,0.048400916670017224,6.271609977635405,0.0,0.6547988415810271,1.1834024697729943,5.153144761760165,0.02191930412059797,0.016699619421618385,0.0,438.121030141584,437.05380212088625,437.8866305824157,438.23409506109687
3.0600000000000023,0.7068146540253538,1.5825465660660762,20.026536108938316,0.049253868917684684,6.27264219866715,0.0,0.6632444812360819,1.2209862771019928,5.358165636082134,-0.009327141439073058,0.018193172207606318,0.0,493.36253561447256,493.4727010561874,493.7875568706856,491.4767417637426
3.1200000000000023,0.7468219852922868,1.656849445256536,20.352348537083785,0.04868681372782646,6.273572079837388,0.0,0.6702130495026523,1.2556696536055576,5.50156510983649,-0.009699636641480621,0.009474462993346575,0.0,477.93321247882375,477.26802266712116,476.5426981555952,476.5143497061598
3.1800000000000024,0.7871786390880281,1.732963745970331,20.681520139297202,0.048535092486636344,6.273969841390883,0.0,0.6749676137122349,1.2814412378023834,5.4709691032061825,0.008923668446620936,0.00022618270263973384,0.0,424.388627838368,423.59382179457344,423.83835985703536,425.43628027852753
3.2400000000000024,0.8278307755811375,1.810704862027096,21.010545559001784,0.04903207586311531,6.274021256963932,0.0,0.6800981261319238,1.3099598660492469,5.496410589343551,0.0069699983076175025,0.002089585101520723,0.0,441.48891764180144,441.6426467658347,442.83783434407025,442.6769543554171
3.3000000000000025,0.8687835195196248,1.8901359416597703,21.340531514215755,0.04919138631108133,6.274600176516639,0.0,0.6849573305990436,1.3377571460341104,5.503081142574128,-0.007790821887312303,0.02159614306818704,0.0,435.4092311075255,437.0383340119788,437.28728925510825,436.0556966472133
3.3600000000000025,0.910026559459156,1.9713126905948763,21.67254369439025,0.04900406667206347,6.276420533687697,0.0,0.6896508997476883,1.3680772425596466,5.563697846312227,0.004878583690704836,0.04373775092293405,0.0,452.7407612100383,454.5193124671302,452.9296853246171,453.9477074887072
3.4200000000000026,0.9515112761195119,2.0543107384445047,22.008308279312534,0.049357390433318216,6.279219452482929,0.0,0.6929030805677396,1.398528881915268,5.628136764710486,0.007836211203335981,0.0519118980451783,0.0,454.3809745157293,455.0371503345715,455.8193155685642,456.05555397646646
3.4800000000000026,0.9931319383555135,2.139123574305347,22.3475776652525,0.050124719483743974,6.282703420678176,0.0,0.6941302697753093,1.4286021713724253,5.680579541445596,0.02120462053538112,0.06816795094944479,0.0,451.7460873681105,453.057456375639,451.60044551298,452.6775603754413
3.5400000000000027,1.0347552964002704,2.2256823194899726,22.68852987068215,0.05136796625863305,0.003299144393148268,0.0,0.6929605957588155,1.4567892340759159,5.684468473503052,0.019735193316803734,0.04995782118908838,0.0,438.0848264492625,436.570604746048,437.7464975458805,437.62417180841334
3.6000000000000028,1.076241599929916,2.313958678011473,23.029840255314067,0.052601038876766815,0.007429422889626558,0.0,0.6895827058463616,1.485850583796328,5.692496068836391,0.022135105180167976,0.09191494902522647,0.0,436.8805117317479,440.36882160750383,439.0531577336812,439.25225109323185
3.660000000000003,1.1174416570037125,2.4040074125493613,23.371785805675167,0.054002762346768485,0.013083314841077609,0.0,0.6832464598693794,1.515881970526998,5.705616398015104,0.025709238483158686,0.09850006339697433,0.0,440.1764571141906,440.72876822656485,440.63196890745616,440.9274543243757
3.720000000000003,1.15811942067037,2.4960241251898765,23.71713451911029,0.055495167105893195,0.018941718772677696,0.0,0.6720778134397873,1.5514583885706528,5.805486748130563,0.02314727508689205,0.09586349873138728,0.0,468.35400020945195,468.15648985920194,467.05015857224316,466.8503279862058
3.780000000000003,1.1979979463970403,2.5902232633018407,24.068810800356587,0.057527794022625756,0.024848571998496993,0.0,0.656605890491957,1.5886533347268679,5.916461049592698,0.049532170702814085,0.10316732654182793,0.0,471.1378434153082,471.70999648956223,471.4997684813273,473.53451974991117
3.840000000000003,1.2368538935256772,2.6866259645755672,24.425856472304133,0.060887347016939763,0.031447213508800864,0.0,0.6379691193180047,1.6250515935879009,5.984661949223845,0.06650749051268239,0.12095142161210817,0.0,460.43089177050894,461.8460278195741,458.77249619860766,460.12058772498443
3.900000000000003,1.274336813558343,2.785505273355143,24.790627600944674,0.06477796243512657,0.03850079943344742,0.0,0.6106615282900183,1.6713090691305394,6.173299083654466,0.06129064712463605,0.1097351242056987,0.0,497.60676311397606,496.79560318141694,496.0071190092221,495.6263884137423
3.960000000000003,1.310188332035566,2.886967029002677,25.16241912421385,0.06818404894076213,0.04504218159003681,0.0,0.5837757055654174,1.711058060894569,6.219439062188487,0.04570223454175171,0.10756072862343095,0.0,456.68350995438567,456.52013157138754,457.1161840390354,455.8740813517903
4.020000000000002,1.3443531695397248,2.990796694214962,25.535847611950068,0.07145336022936011,0.051574072469438015,0.0,0.554474730273613,1.7501845237926452,6.22807168774656,0.06793598741565973,0.11135114755267854,0.0,445.6921591348548,446.0123049316714,444.1958948368434,446.01775840157944
4.080000000000001,1.3765478665953297,3.097161746336991,25.911544921508405,0.07572222302163212,0.05814020760447036,0.0,0.5180546045833871,1.7956845629743807,6.294715241164575,0.07689857070004319,0.10530318273961227,0.0,464.5206034600544,464.0559841090367,462.77838996098285,463.487108718225
4.14,1.4062665253457602,3.2065495650103712,26.293950566330615,0.08040761464437995,0.06420141379632938,0.0,0.47193403100435727,1.8510086557488572,6.451143918877771,0.08037060637028699,0.09067960663912525,0.0,491.70212352189384,490.62503544465534,491.024922814238,491.28669416811357
4.199999999999998,1.433161108469851,3.319266389051698,26.68457017679002,0.0853294660943078,0.06957387940959414,0.0,0.42403373533211003,1.906659138100869,6.568707807337272,0.08515832946195821,0.08716262719144736,0.0,481.54845623022874,481.28829848685155,482.04621416474527,482.4128160109449
4.259999999999997,1.4574821788063401,3.434921328391754,27.076394800019006,0.09067448852053861,0.07451907098940946,0.0,0.38625451724120974,1.9489271956203127,6.492439567637213,0.09595756491174438,0.07067633246165224,0.0,423.42941680781905,422.01417295425995,422.67829347765985,423.6152023227702
4.319999999999996,1.4795064451640008,3.5531425602714006,27.463069919202326,0.09641678223877204,0.07854478220360406,0.0,0.34755320409052765,1.9922356450932381,6.3971489270102975,0.0951950988141316,0.05875198121897718,0.0,416.405371939073,415.36431128576726,415.76917554656234,415.7108422905575
4.379999999999995,1.498806554749942,3.6744692484133568,27.84835058780216,0.10250070985275439,0.08204233512320247,0.0,0.2954878179013706,2.052499254534944,6.4451053712302535,0.1115644784693706,0.05735788010770138,0.0,461.1595080304075,461.05157524939835,460.6143180294263,461.91568729376445
4.439999999999993,1.5148357706571176,3.7996311843462043,28.23747479036698,0.10882447516418647,0.0852890978029226,0.0,0.2385410249910371,2.1201446109474986,6.525050634241706,0.08872483682795117,0.04667384670521667,0.0,472.06283370162055,471.239235354446,472.84066380912606,471.08624083874923
4.499999999999992,1.5276276714687176,3.928663899198284,28.628589248788114,0.1145192550552867,0.08857688977004585,0.0,0.18760281889681107,2.1813990055271906,6.512006717236847,0.10505808794171659,0.06744222345668069,0.0,442.4465136861826,444.1554501222676,444.6889804477284,446.0327527249441
4.559999999999991,1.5373142555477957,4.06145703541306,29.018796351731066,0.12082878542116582,0.09263338348434225,0.0,0.13494644769812947,2.2455555005923302,6.494801816872389,0.10535941640342159,0.06793802250228119,0.0,443.7821163803548,443.826254708105,442.63136137505364,442.66587303931357
4.6199999999999894,1.5437764350542342,4.19819990558646,29.40791713968655,0.12725136541113713,0.096514677680128,0.0,0.0801293474470907,2.3130585697000496,6.475792891907541,0.11021122063711049,0.05723799324002454,0.0,443.46175378003056,442.5848001458802,442.4997817436282,442.90919094169584
4.679999999999988,1.5468202421289015,4.339186753122044,29.79655344188479,0.13372287401108807,0.0999206943523756,0.0,0.02105284289821296,2.3870371676275473,6.478506712461764,0.10268533565064913,0.05580820232198271,0.0,450.1052081151011,449.991610902329,450.27993580643823,449.6805924704624
4.739999999999987,1.5464047773457288,4.484528432773344,30.183912052129745,0.1398084652844096,0.10386053798468353,0.0,-0.035205903250220785,2.4581714736709537,6.433485382466437,0.09878417482619904,0.08034915686493374,0.0,434.7107989101563,436.7660311884205,434.75297509715756,434.43505184361794
4.799999999999986,1.5422224613621711,4.634666011495057,30.571605269265035,0.14670654709348607,0.10855105691977851,0.0,-0.10460535426022242,2.5469414774471852,6.489020003601215,0.13585908616245518,0.07343161925606977,0.0,467.546180893748,467.01132488119123,465.12043104158664,468.0260536229771
4.859999999999984,1.5336982796254843,4.790384449383509,30.96340587252028,0.15493095293599346,0.11252110764176493,0.0,-0.1798787592536475,2.64436215681589,6.570178140710617,0.13939526804623822,0.04483219916141755,0.0,477.7866849695372,475.6034926887464,475.1013789846951,475.38852805009134
4.919999999999983,1.5214023173592972,4.950987526601538,31.3529330315282,0.16300972770438715,0.11542727157281707,0.0,-0.23024311750021856,2.7096962947398686,6.414699848065449,0.12289022728281683,0.05481162538556483,0.0,400.2282788937165,401.13750647190795,400.9031000132982,399.4188901874938
4.979999999999982,1.5056281485844456,5.116197056547188,31.736658689021922,0.17131408828540629,0.1184926692472974,0.0,-0.29581933561505025,2.797909616058281,6.376052454258122,0.15871560702565368,0.042356941730224036,0.0,439.35866819457306,438.32625403848095,437.51450013832846,440.5050057402601
5.0399999999999805,1.4856059893474796,5.287218986042943,32.1202284187724,0.18058429516730978,0.12152507970542459,0.0,-0.37178811374329984,2.903585116770773,6.409003058291009,0.14437834620616963,0.06326053333332787,0.0,460.93083467637445,462.5817062865364,462.8901113406095,461.7816109211284
5.099999999999979,1.461095114195117,5.464555373972399,32.504707674577254,0.18958917504140693,0.1252852085120182,0.0,-0.44553807543167034,3.008318413816713,6.406572024908263,0.15955528625612103,0.0614588796753083,0.0,452.6832867395496,452.54100922962755,451.1089080023249,452.35366377778024
5.159999999999978,1.432383124803758,5.647894799821198,32.88676151590234,0.19903370505464402,0.12915694727425908,0.0,-0.5118384705188769,3.1037180831724216,6.328592396688328,0.15273415537838145,0.0700511920543626,0.0,428.26281405511173,428.9964300857248,428.2855692935057,427.7293556995084
5.219999999999977,1.3992033751533077,5.83774849930642,33.267321785930875,0.20816117277218993,0.1336254122242515,0.0,-0.5944917511644846,3.225435702744432,6.356094279928506,0.15087792060995403,0.08210546149387415,0.0,462.5883825051746,463.5409055134167,462.04971503805024,461.92415928593664
5.279999999999975,1.3609232845103933,6.035148227522716,33.64988467362531,0.217424086577795,0.13931677623469874,0.0,-0.6819426618205441,3.3552374541381145,6.395225385832868,0.16059476982768475,0.11259551558897435,0.0,465.8944439741703,468.27964913169234,467.61847960560414,468.3960890081914
5.339999999999974,1.317587310266624,6.240031762471767,34.032638371067655,0.22725009157270115,0.14599370824670288,0.0,-0.7631329354567605,3.474927140079708,6.362854870522278,0.16944930262275987,0.10851956170061362,0.0,446.3903271996768,446.0684129374884,446.38003877059816,447.1275485587704
5.399999999999973,1.2691916882213652,6.452365703636551,34.41389656929179,0.23705099561185428,0.15260232130383322,0.0,-0.850580875526754,3.603595076989987,6.345233923147294,0.1469473381628707,0.11320575847982035,0.0,452.1092549865695,452.49723987118483,452.8762607168902,451.0867844322889
5.4599999999999715,1.216004745669076,6.671697730185245,34.790462930983175,0.24608244531001322,0.15931166527054152,0.0,-0.9228530474222909,3.7081114071979098,6.207258542293559,0.15685202925777078,0.10890407683789709,0.0,412.89773053666994,412.53007075521424,411.86974231961165,412.768219954168
5.51999999999997,1.1581275490104819,6.897803825796556,35.16027237429269,0.25535033175014643,0.1669939269991909,0.0,-1.006960714926762,3.8294029329829735,6.11961522007482,0.14921015316431027,0.15129887300551248,0.0,429.0641409656055,432.663754601584,428.44810772022566,427.82121721192027
5.579999999999969,1.0947055221922837,7.131866172437693,35.52689762652777,0.26475050463808447,0.17615114487957584,0.0,-1.1078432224325439,3.973267367709376,6.1006033639518105,0.1684779847091599,0.15513714175845655,0.0,453.53240099203356,453.8620792377966,451.0165958387652,452.59297947427115
5.639999999999968,1.0255534937506061,7.373992488108304,35.88971360778685,0.27512314578792196,0.18582554060929457,0.0,-1.1979581472996244,4.098289877728305,5.993152787724153,0.1804667648087729,0.17126383668079087,0.0,422.9101722552923,424.3232110051565,424.57698990994913,425.63466222630194
5.699999999999966,0.9506551390189801,7.624028397186763,36.24699888552805,0.2855590168478619,0.19607294247684592,0.0,-1.2994496903498132,4.2369228946484885,5.915967005732843,0.15582261500814062,0.16982657644061744,0.0,435.0076957482908,434.9159680625913,436.4292581815915,434.3961583199771
5.759999999999965,0.8682256559406679,7.884320894130542,36.60570081865994,0.29530680192257375,0.20636392375788049,0.0,-1.4490465475970618,4.439964730310625,6.038978750916092,0.17320934768023497,0.17469386068420514,0.0,499.1888950016469,499.5686811856578,500.11669721307976,501.40339507811126
5.819999999999964,0.7775714100219934,8.15561746567945,36.967244552626816,0.30562755486239546,0.2163707044379306,0.0,-1.5735599211797837,4.6038391184570875,6.011639699031544,0.16950835443272294,0.14216105820883806,0.0,456.94968831872507,454.3731637355473,457.7214854597545,457.4542474948415
5.879999999999963,0.678060539222307,8.438552451697548,37.33229825595479,0.3164620228986381,0.22574581837792707,0.0,-1.7441230777782797,4.827803235636733,6.154690507631989,0.19657486394657622,0.17527044835304936,0.0,510.321366180796,512.6986201769166,510.7877235523961,512.7409513687589
5.939999999999961,0.5696588505437191,8.733016397086056,37.699394496887265,0.32840840337183597,0.2372938176273598,0.0,-1.870095896372407,4.988327221189723,6.081143320363028,0.20373414725626726,0.21419313346431376,0.0,446.37380199134424,449.57400515205774,446.8403428935961,447.46222524619844
5.99999999999996,0.45331005589622114,9.037524608757103,38.06274120475517,0.34068561515903806,0.24991640253290992,0.0,-2.0091436722018017,5.162580113675586,6.029418898343113,0.2063330142253623,0.20139271525562924,0.0,457.5730294419778,456.5946809974347,456.16017366418276,456.40762267650797
6.059999999999959,0.32843868378164204,9.35260820973824,38.42275911453554,0.35411472987676884,0.2620463272850593,0.0,-2.1541052472353543,5.340868997406129,5.970139710305018,0.24577607409809124,0.20366518604735653,0.0,457.0114416878756,457.231406650321,454.15278742748234,457.3527883794887
6.1199999999999575,0.19519960490336935,9.677881081688259,38.77725318746295,0.3690753283448043,0.2739178277433636,0.0,-2.2880397842193427,5.502354159572175,5.845648124470967,0.2556511146000322,0.18255401180648445,0.0,436.9758050719299,435.2505132438844,435.9658825151063,436.8538560969017
6.179999999999956,0.05351109594553573,10.013325394524053,39.12495991742284,0.3842560825886103,0.2851955707343272,0.0,-2.4356585749911845,5.679893198380474,5.74362710877343,0.24714475626914162,0.19702002837269245,0.0,444.82390457015845,446.041328704535,446.8208447125587,446.19048828107026
6.239999999999955,-0.09750238332197883,10.359971353807289,39.46733248639141,0.39888041711841105,0.29679387873422325,0.0,-2.5988891020180325,5.875622784614885,5.667549984707851,0.23588657026525914,0.1846041804050145,0.0,457.90201055412837,456.9480919421673,457.74460373130444,456.9050097088408
6.299999999999954,-0.2575023282835172,10.717272147779028,39.80203131262667,0.41317593500690997,0.3081591140879718,0.0,-2.7351997561226753,6.035070779946999,5.488644153174027,0.24261622457014861,0.1976264051484376,0.0,422.1789555525497,423.3381478074437,422.805303973772,423.4445954888409
6.359999999999952,-0.42699089092357717,11.085727452118103,40.12919541727779,0.42783769644130665,0.31977914734042034,0.0,-2.9151294146859508,6.247284217543895,5.415382481678034,0.24763845574641394,0.18427863659839588,0.0,463.20020061922185,462.18381251325246,462.58701714676994,463.03953770325415
6.419999999999951,-0.6063751415602694,11.465718624633823,40.448843303380144,0.44270616995708423,0.33048322246437944,0.0,-3.0650379627451163,6.419693035308947,5.238904014657452,0.24814392072716565,0.16283631759259531,0.0,429.17222892741444,427.3793870674208,428.5310637252291,428.6380516290274
6.47999999999995,-0.7960772437594842,11.85766008273407,40.760883199966784,0.4573376651003205,0.34054472323695517,0.0,-3.258862980466254,6.645430883028379,5.160871095454344,0.2335265595989092,0.1759558501712136,0.0,465.12811976807336,466.18010383982033,467.795021125716,466.7111260046634
6.5399999999999485,-0.9971019840435519,12.262707835194588,41.06689621848867,0.47120294941560115,0.3511711142275651,0.0,-3.4425298408724485,6.856499014265934,5.03833119945624,0.2257125055698422,0.17931073490998134,0.0,453.7669365640854,454.0657678065791,454.5119915212364,453.93692141680845
6.599999999999947,-1.2096637140403461,12.680979843249379,41.36627919236128,0.4849194748589989,0.36204305712262386,0.0,-3.6433814397152116,7.086092050656725,4.939575676420606,0.23384023935359796,0.18472583062750225,0.0,465.54455079263147,465.99826812273835,465.6278310820716,466.3126375099959
6.659999999999946,-1.4341149818742922,13.11273642353221,41.65880757614752,0.4986567858520905,0.37333097982638197,0.0,-3.838869545519299,7.305982404736471,4.809999070676671,0.21678237221319885,0.19418834289402778,0.0,458.1075968921939,458.8927550722349,458.79973285891714,457.4930354081788
6.719999999999945,-1.6685261898759822,13.555422610397208,41.939100734053,0.5114487248596289,0.3857343153572117,0.0,-3.9756124249146634,7.450634649859152,4.533049123923519,0.2048625865365486,0.22423299422069673,0.0,401.90429723937854,404.66494287300435,402.68904011790573,401.658835561518
6.779999999999943,-1.9115565209935552,14.007167332380106,42.203299565962205,0.5235921207955228,0.3987497155442661,0.0,-4.126190978143872,7.607776349453624,4.273295887233817,0.19692921043039122,0.1954216345286977,0.0,411.91950315619493,409.4125155347819,410.47696830514974,409.8159246154166
6.839999999999942,-2.166592206196633,14.47172406411168,42.45760690273583,0.5351555361309828,0.4103563247189168,0.0,-4.375367432537483,7.877056974991845,4.201582873963578,0.18262192604400643,0.18916807420043785,0.0,485.6829749754449,485.246574595861,486.26547074798765,485.22474423312315
6.899999999999941,-2.435659077826803,14.951192909241389,42.705263221706815,0.5462064598626402,0.4214826819916935,0.0,-4.593959514691316,8.104964003509037,4.052287099514467,0.18712844832155714,0.1766989852426635,0.0,461.4597622946436,460.5059495781751,461.362936192369,461.75020497384384
6.95999999999994,-2.7161408189163767,15.442218120146435,42.94031524344675,0.5581662531916791,0.43283696927598037,0.0,-4.756057955973958,8.26265114669062,3.7824812584221568,0.21650740167367108,0.20675616361681218,0.0,412.6501106065426,415.3327162154229,414.8123516238756,417.42615370994736
7.019999999999938,-3.0082507600891204,15.944754162346095,43.16233792807811,0.5708802827634578,0.4453195126079912,0.0,-4.981351587840691,8.488246183014006,3.6167702851127292,0.2005958333006583,0.21049402256607927,0.0,460.2855635114701,460.6222904218256,460.0747056019243,458.8551183587442
7.079999999999937,-3.3130432144405617,16.459719071021897,43.372511813269696,0.5827922387112761,0.45833195374594915,0.0,-5.178929772710482,8.677035910075926,3.38811247158944,0.19405716067438478,0.2272685912202374,0.0,437.84570077048386,439.28639446960244,437.50271414659824,436.99698279168626
7.139999999999936,-3.6291138218949497,16.985197961241095,43.567628048205044,0.5945016048614225,0.47237875137117324,0.0,-5.3573995268492025,8.83877958685144,3.115214822338131,0.19726471773599552,0.2451226052819317,0.0,420.8822625193563,422.48267224220575,420.43706528981176,420.75452525747176
7.1999999999999345,-3.9575005041677023,17.52195990936115,43.74863044277645,0.6063690359270897,0.48759610922783647,0.0,-5.58928645863204,9.05270402762631,2.916762938241425,0.19882022256030701,0.2667086487445366,0.0,455.38751263102495,457.173623831321,454.72535072183064,454.8872604115278
7.259999999999933,-4.300359854900454,18.071930003175,43.91814537232768,0.6180773139335507,0.5044114449973884,0.0,-5.839791295256264,9.2788357651162,2.732008594024777,0.18652768330351235,0.29874558366644255,0.0,464.432513934637,467.01339224619085,465.81239897565416,464.8849231409994
7.319999999999932,-4.658461365399624,18.635422442459834,44.07640311126188,0.6293825637249029,0.5222825471031598,0.0,-6.097367819016112,9.503288122749415,2.5414757098235663,0.19195584962168522,0.29600607570882137,0.0,467.882125069035,467.7541423881222,467.999875962925,468.4548447445251
7.379999999999931,-5.030670795211429,19.210729295062713,44.22088007750498,0.6405747342403982,0.5405130437320516,0.0,-6.310176753076749,9.672969422459131,2.273413771855884,0.17259250301638523,0.316109710809178,0.0,437.26334731290103,439.03035347291865,439.9213050361519,438.34822019536506
7.439999999999929,-5.415959822903456,19.79627191287974,44.34933079170264,0.6506152952392847,0.5597824299583243,0.0,-6.533345047341426,9.84429361005401,2.007214450606495,0.15397048746793618,0.32968831789598124,0.0,441.6463662134834,442.87107148418625,443.7882069997781,442.2829609286904
7.499999999999928,-5.815431531688283,20.392571988659576,44.46245408722059,0.6599179955861878,0.5800491029797961,0.0,-6.782841406998395,10.031243319796536,1.7622134568328904,0.15710924864174253,0.3503569529022134,0.0,454.9300411662953,456.69580343153314,455.84085426349355,456.1137580222628
7.559999999999927,-6.229950293063261,20.999840915576552,44.56058493108846,0.6690659190852273,0.6011200375642325,0.0,-7.034883442815154,10.209850834002287,1.5074622736250336,0.14103907828866266,0.3527790247744192,0.0,455.3660447776471,455.6835122602722,456.35711104386286,455.0930945239971
7.6199999999999255,-6.659324293909845,21.6172595597951,44.64276424853839,0.6771873706374283,0.6226616259631204,0.0,-7.27803674760992,10.369573570749102,1.2307437365976146,0.1204910027962051,0.36923157489841146,0.0,448.7168492386143,450.18172381825974,449.8276538513192,448.17625575239975
7.679999999999924,-7.104175053827369,22.244700235184563,44.708977098391,0.6843301875586736,0.6442779844319526,0.0,-7.55064104837533,10.54358339726103,0.9749747734322054,0.11599314596005422,0.32884601698933463,0.0,464.2691333662637,461.21358759252064,463.68070364040904,463.3391517087069
7.739999999999923,-7.5649357641945025,22.881856065318967,44.75906536891196,0.6911670591108985,0.6640865193581256,0.0,-7.808303921685317,10.69357913902574,0.6936075079558458,0.10951112522072544,0.33260952135768385,0.0,454.58894267313855,454.999551758874,454.8614037517628,454.35297990105295
7.799999999999922,-8.039830183255928,23.52661885374763,44.79072525758725,0.6978565404611681,0.6837711912822906,0.0,-8.021969575111763,10.797490175858114,0.36129149170942676,0.11518055326165637,0.3170182411857164,0.0,432.188259713479,430.9850106767707,430.6975904779557,431.18849082240735
7.85999999999992,-8.529966180494824,24.17923918443938,44.8045371239251,0.704338131261915,0.7023786133703416,0.0,-8.315799262503266,10.954840339492383,0.09778602799819797,0.08721865559758517,0.29053816180217135,0.0,470.0540788324671,468.0882197555091,471.00107390686446,468.84171808298106
7.919999999999919,-9.03777761770037,24.841010676402046,44.80234976703002,0.7092914154179635,0.7200911683829574,0.0,-8.611096518144965,11.10247586833557,-0.17182831340579663,0.07105706600202254,0.3031950641625942,0.0,469.67483581916173,470.7389892282548,471.5285492190255,470.2827922817777
7.979999999999918,-9.563904810326967,25.511747957061285,44.78430178166352,0.7132865926102037,0.7384674175320498,0.0,-8.926191327093902,11.253457702291222,-0.43104605482714364,0.05567904459495628,0.3117914245087674,0.0,480.369028194415,481.1084987604584,479.64275803413,478.4757633904075
8.039999999999917,-10.105102477862635,26.1884417266486,44.747334093988485,0.7163171781395343,0.7576866407085809,0.0,-9.114311197629211,11.302031575172752,-0.8010737595272325,0.03738721088220681,0.33343485204082984,0.0,420.3250983178798,422.30776171625445,423.20065749491016,421.6240329579425
8.099999999999916,-10.658568918954641,26.86844155431237,44.68887478882473,0.7189388954993863,0.7779870101605599,0.0,-9.334940144997361,11.36331795497369,-1.147758571104442,0.05400654559177358,0.3466644518702299,0.0,434.7942767332482,436.02156037122575,434.9798046387672,436.37120382875713
8.159999999999915,-11.226650933151385,27.55272040827069,44.610561859886104,0.7221462674115386,0.798333112666878,0.0,-9.601101607530001,11.444281841760981,-1.4633747626129063,0.05233257870946012,0.3164041787992752,0.0,455.6215827861819,453.30847036251123,455.77178361102153,455.6397025516768
8.219999999999914,-11.81143719597345,28.241994512406663,44.51371742209993,0.7253594020592011,0.8173492805156242,0.0,-9.89148022983659,11.529671031463797,-1.765636794428069,0.05588548208549703,0.3179765661459831,0.0,464.9025534430105,465.12362517523974,466.1327456352818,466.41219350176016
8.279999999999912,-12.41207744231523,28.935087217870414,44.397515332939214,0.7284049443865399,0.8365858062131206,0.0,-10.129889202228942,11.571959369886743,-2.1081336569147964,0.03777806605778537,0.3254002019885674,0.0,444.5354707094598,445.24862908634407,444.8202029772685,443.33562152393483
8.339999999999911,-13.027119071749352,29.630472004046194,44.26075288275718,0.7310257851374056,0.8559144206394693,0.0,-10.371485719805552,11.606003988317536,-2.4509808101218344,0.05343900790192438,0.31469516447849905,0.0,446.1981832531559,445.42866990744534,445.09635013280626,446.3779681349629
8.39999999999991,-13.65616374366896,30.327313307212513,44.10303356165579,0.7340646270440896,0.8765214475136638,0.0,-10.596684749840556,11.62061979572913,-2.80660254652706,0.044382772793179814,0.37275641994312697,0.0,437.1642515849859,442.0941049929943,438.81281613127584,438.0615953832647
8.459999999999908,-14.298446867583257,31.024584067038067,43.923748503953966,0.7364691283721605,0.8994914326378822,0.0,-10.812800272182326,11.620284169928134,-3.1698163377663353,0.029654354473301156,0.39773276417112186,0.0,434.7940463523586,437.0359216852031,435.16170908580386,433.92715232902066
8.519999999999907,-14.952583581926485,31.72094181453071,43.721965287755154,0.7384902564403921,0.9230136266282756,0.0,-10.992046887026431,11.590410638540924,-3.5562291763798544,0.04072486206128626,0.37716576317898226,0.0,420.0487662754828,418.42907884677436,419.4791377617166,420.44050677791785
8.579999999999906,-15.617873641974061,32.41543424686988,43.497200543228274,0.7408762427519315,0.9454197273950218,0.0,-11.184380647804517,11.558025833463219,-3.935989870469134,0.03777773066182828,0.36470688874886026,0.0,425.20698545677214,424.28874043792,424.23276227570733,423.9803523429591
8.639999999999905,-16.29872734839068,33.10965551923707,43.25175522457603,0.743050059168886,0.9679232313305359,0.0,-11.509672876369402,11.580404808607536,-4.246669883007006,0.032941145895071376,0.3902634465559593,0.0,474.63309323122814,476.7252738733381,476.0105800174635,475.6406039424428
8.699999999999903,-16.996786175412865,33.80379121944195,42.98638683672665,0.7447170868013329,0.9918271707242869,0.0,-11.758419300278872,11.555654306028044,-4.599514633450382,0.01469716848531143,0.41102888023922335,0.0,449.06770038802904,450.9112755419743,450.9903982262911,449.51369151099846
8.759999999999902,-17.70972259576964,34.49610189978389,42.69976283761963,0.7453416750601249,1.016867768285759,0.0,-12.005550727726831,11.519509152241204,-4.955194472801494,4.62688107715015e-05,0.42763415644166525,0.0,449.95884128494674,451.47958808694534,451.6705394149582,450.48657846437266
8.8199999999999,-18.434125800889532,35.184519782796656,42.39022393813234,0.7455334663706301,1.0427679762066617,0.0,-12.141516615007584,11.426632410344023,-5.362519742798391,0.008851316493080219,0.4386948263309086,0.0,408.2279971421573,409.4259001998905,409.77566515653257,410.5581284466344
8.8799999999999,-19.169720059921225,35.86830361137472,42.05755520804771,0.745741354191817,1.069584853725603,0.0,-12.377572366199,11.36431808137303,-5.727009118425494,-0.0103962656838745,0.4597169467256615,0.0,446.3209581155964,448.2401433187606,447.9169151814911,446.34785040172716
8.939999999999898,-19.91936090077608,36.547984535003785,41.70291417977971,0.7448219368938247,1.0972343465757959,0.0,-12.609684545829305,11.28983338476034,-6.094934989330811,-0.027661951872902376,0.4629452383247134,0.0,447.3341688085782,447.8174915268116,448.3035700318036,446.8976323112629
8.999999999999897,-20.682724337942307,37.222800417056526,41.32606503994772,0.7431633978658772,1.1247641721226191,0.0,-12.834958842404376,11.202167688818458,-6.467256203395956,-0.027603082672290006,0.44902257589240197,0.0,447.49050927601996,446.5735446472703,447.08460075747496,447.0892178807211
9.059999999999896,-21.460606332005288,37.8923576503975,40.927173326710516,0.7415132925047967,1.1514314510205423,0.0,-13.093183467230766,11.114358941691567,-6.829928620766855,-0.027299899179814395,0.43329908524773475,0.0,461.54185559830967,460.4965139798554,459.85582925252874,459.87970550024545
9.119999999999894,-22.25330003795298,38.55611258480025,40.5062268809838,0.739861560363229,1.1776131722089156,0.0,-13.328743148999184,11.00892548128074,-7.202280580129511,-0.027990716370340302,0.441856021086502,0.0,455.84314538358245,456.719700443603,455.1951987231289,455.139713713971
9.179999999999893,-23.05816959294626,39.21269301673582,40.06228940975601,0.7381247499832835,1.2046413297029863,0.0,-13.49949947451235,10.875583443354726,-7.595939988901625,-0.030930794276548802,0.4636724605455954,0.0,434.5639684027027,436.6049234307289,437.1750374638561,436.929568749424
9.239999999999892,-23.87414736994764,39.86122853582212,39.59495410181764,0.7361066338568305,1.232521216127064,0.0,-13.698535357365236,10.740575881514205,-7.982450481660766,-0.03968106377687473,0.46657151642494604,0.0,446.81373916065485,447.27461128728027,449.1688504728024,448.4577252847898
9.29999999999989,-24.705439626989754,40.50216647328399,39.105248253900875,0.7340686093471689,1.2602733142600044,0.0,-14.008634148539496,10.621716057900025,-8.342331960400575,-0.024469487200410985,0.4529528594972347,0.0,486.6183921029798,485.8006078962442,486.16182034138,487.3005498444414
9.35999999999989,-25.548425617290924,41.13417037669609,38.59220882599883,0.7329499700351221,1.287426288694074,0.0,-14.090517320335373,10.444066212780475,-8.758901404855695,-0.00899050713395483,0.451733831239727,0.0,416.91787688675566,417.0400889050148,416.1503599564741,417.50411207561626
9.419999999999888,-26.397916228802643,41.755634016236435,38.05454847392899,0.7326626755240682,1.314449189552322,0.0,-14.224671494723408,10.270134323900562,-9.163338011095403,0.002513739888894575,0.4475419294030767,0.0,436.5162366977667,436.38204080559206,435.37507694829367,436.33732863719285
9.479999999999887,-27.260380404337518,42.367301004934994,37.49356591161236,0.7325245867807819,1.341905419420022,0.0,-14.520928334957311,10.116763518267863,-9.537174574527482,-0.01428405044372924,0.4724792703285952,0.0,489.0893114298993,491.1399310972149,490.990399537695,489.7418293854976
9.539999999999885,-28.133213457498975,42.96833865224502,36.90879364271506,0.7320670276829508,1.3701080819083282,0.0,-14.572832341582181,9.916967057171036,-9.955092492814057,0.003155747125193632,0.46469035150850424,0.0,419.1788303123703,418.74694030303397,417.6024460264839,419.122224191265
9.599999999999884,-29.014834509294378,43.55799003767908,36.29983567474091,0.7326696718868151,1.3977098098512357,0.0,-14.811466544574492,9.73644392577075,-10.344257082767667,0.021128948967257775,0.44858792581681667,0.0,481.0696794252956,480.0514947672945,480.0385856891634,481.4013258307628
9.659999999999883,-29.908469912058475,44.136301139977064,35.66717701384847,0.7341973169167924,1.4242073650010347,0.0,-14.973991534963467,9.539364664321027,-10.744676574103574,0.032957408648735885,0.4217825932610138,0.0,464.8894278302118,462.97602508277384,462.9339614672947,463.8645229683173
9.719999999999882,-30.815101374392214,44.70290509437223,35.01083515811394,0.7360085607528681,1.4493480953432032,0.0,-15.24318196888732,9.345876255137378,-11.134077038830203,0.023976177833088853,0.4128242938605532,0.0,500.3328748146846,499.8410200737602,500.9412180937489,500.2874444814392
9.77999999999988,-31.73178557607799,45.257174585768134,34.33053580095392,0.7374049473968682,1.4739609932574398,0.0,-15.311429494197405,9.128961526327291,-11.54244972842304,0.0218287090737253,0.40442891901863065,0.0,447.8379221351094,447.32758980274116,446.9013934545624,446.72622421947653
9.839999999999879,-32.65103498597382,45.79819272783775,33.625677390651454,0.7391975296852884,1.4984673424220336,0.0,-15.329171708399858,8.904355369604934,-11.952515311949947,0.04243198571672271,0.4154258011496437,0.0,433.7169942370641,434.81755662174965,433.15855122634014,434.8894495961013
9.899999999999878,-33.57204903390617,46.325656775809875,32.896332728242974,0.7417146055526249,1.5230603161535168,0.0,-15.369743045248464,8.677141527207247,-12.358665625647347,0.040972340646009624,0.3955531808396385,0.0,444.89781082932893,443.44054658187827,443.95399246562874,443.83505826671546
9.959999999999877,-34.499623181302105,46.83949240411534,32.14282606769952,0.7439670321800929,1.5471931895065705,0.0,-15.54590189272851,8.449720296333805,-12.758321645691092,0.02960080637239961,0.41296918301998603,0.0,488.1993288192583,489.64903153480464,489.1333700850798,488.2856723535141
10.019999999999875,-35.4310957581792,47.33941225822873,31.36524239247066,0.7462086611259817,1.5716956563147768,0.0,-15.50242099320569,8.213912211701562,-13.160569823824753,0.049557750290493224,0.39713240964549823,0.0,427.6556128631443,426.483801114139,427.2040260559606,428.90447942701013
10.079999999999874,-36.360302362567836,47.82511161384548,30.56364179547588,0.7492027152871561,1.5952778242345431,0.0,-15.470116361878011,7.975705696226949,-13.558859126559351,0.050578288100178156,0.38327482467603374,0.0,434.378752023983,433.3782088628064,432.1233770489161,432.21110251432947
10.139999999999873,-37.288368367339345,48.29642792280543,29.738243965848458,0.7518756486327032,1.6177564840604068,0.0,-15.463937538242552,7.7344327680928115,-13.953873360515615,0.028392758273252012,0.3456954250699042,0.0,446.0267472153882,443.0870364348967,443.9555064630947,442.13096506229476
10.199999999999871,-38.217824808776385,48.75311295472282,28.889169044774732,0.7536805997250848,1.6389637191609863,0.0,-15.515585976316485,7.48787533284839,-14.348292600412309,0.03326376144257052,0.3656216030455245,0.0,464.00393695192815,465.68860088800716,465.14664419245287,465.5284904084186
10.25999999999987,-39.14746982855917,49.19502542112237,28.01663166233287,0.7555440274459633,1.660716697217496,0.0,-15.471360854045715,7.2422293943812335,-14.735735067317444,0.026232761803335128,0.3555877159238798,0.0,440.4450342235456,439.7506757248096,439.6705060167323,439.08743045483794
10.319999999999869,-40.07627637459613,49.62200503337465,27.120817437808693,0.757076183021697,1.6827635447925307,0.0,-15.486614376335279,6.990066697391532,-15.12427374888078,0.024104703308013557,0.384257014603665,0.0,461.0160984252257,463.4094782230915,460.6453653765085,460.477001842526
10.379999999999868,-41.006418467659344,50.03372004906305,26.20171727623015,0.7585212277617073,1.7054743804318804,0.0,-15.515421847238658,6.733480596475661,-15.511881704693305,0.02404280347179859,0.36347340541535494,0.0,471.32392188260854,469.85245508025383,470.0707669531112,470.0659998639849
10.439999999999866,-41.9372998204876,50.43003007713505,25.259514687440884,0.7597430772662452,1.7282569670074235,0.0,-15.511584689827998,6.476656697886768,-15.89428640182727,0.011747804030579938,0.4006093903613937,0.0,463.6093495734971,466.659408998749,466.80570155118835,465.8444400405279
10.499999999999865,-42.866136161296815,50.81104944384064,24.294648437488245,0.760749039853728,1.751985087752285,0.0,-15.447868938223674,6.223947155844886,-16.26722843459273,0.025276791068214084,0.38249387770806126,0.0,452.7033032446022,451.40089105338546,451.2463319218038,452.3380087942903
10.559999999999864,-43.788117200429,51.17724798327558,23.30791613352483,0.7619794828137714,1.775072294792876,0.0,-15.28452115629717,5.982712559621663,-16.623055394590484,0.00867179632431251,0.3890048086204336,0.0,422.93286296192264,423.65507741273836,422.42065184699624,420.98494339600853
10.619999999999862,-44.705547531688424,51.528206448013265,22.29917691940784,0.7625294516485583,1.7979910600414648,0.0,-15.29332620326655,5.715952152714925,-17.000862356173624,0.01013697659346272,0.361837926579853,0.0,479.97629692675577,478.04668543124683,479.6309970823997,479.74222205223407
10.679999999999861,-45.61991489431037,51.86365522059338,21.268424315642953,0.7641167535555171,1.8196674319700996,0.0,-15.18422107459572,5.465749862499052,-17.356777088629975,0.04747238642368853,0.3601217818662668,0.0,447.5762307021304,447.57008987948535,447.65882864266126,450.6894971316015
10.73999999999986,-46.524085004176534,52.18471695317755,20.21712147209286,0.767587549516092,1.8411406383643723,0.0,-14.955315547301796,5.2363949997172075,-17.68573372980224,0.07311043609009754,0.35300999738974503,0.0,409.4574447598785,408.9678014167969,409.6397552956435,411.9180249724935
10.799999999999859,-47.417323858628876,52.49150877972159,19.145729397206168,0.7715663629493577,1.862017814021394,0.0,-14.8184049481647,4.99015098353301,-18.026262864160064,0.047082846310002,0.3352441568260316,0.0,441.6219323946936,440.2779802269835,442.1525420800584,440.0041641097505
10.859999999999857,-48.2992625750261,52.78417024859997,18.054742611858455,0.7746906055388303,1.8818575669954303,0.0,-14.580127028831232,4.76527593887686,-18.339140588366465,0.06053508739494867,0.3194508332775646,0.0,407.4107102597254,406.1176870801652,407.36864075028535,408.57296224684893
10.919999999999856,-49.1695063050053,53.062779913715985,16.944573254370297,0.7780499794620317,1.9006619772401159,0.0,-14.427223626861062,4.521840546917462,-18.665547980300914,0.044853415121860064,0.2972521691981397,0.0,437.70257632091625,435.9510619119554,436.990303740567,435.6820458682949
10.979999999999855,-50.03441764752335,53.325836268472074,15.81401976243561,0.78075656253902,1.9196580876468499,0.0,-14.400228182457504,4.247072148271935,-19.018430331463954,0.045617306910546516,0.33999798688094474,0.0,479.2801115142439,482.611579135933,479.2116505624772,479.27076850428693
11.039999999999853,-50.89741327715042,53.57241638165246,14.662458402134686,0.7839587820649312,1.9400564993523801,0.0,-14.363312823300747,3.972785840557813,-19.365638887339852,0.06555792575579808,0.339924709029055,0.0,483.9024956376275,484.0054025985493,481.58556964231366,483.094346109649
11.099999999999852,-51.754607354137015,53.803478741241356,13.491171984593324,0.7879571407812396,1.960537782257985,0.0,-14.208777628338813,3.7296615100647674,-19.676034137946605,0.06871782620530646,0.3440638124347193,0.0,450.5394723328735,450.99222689954365,450.22831856933124,450.4873755769224
11.159999999999851,-52.59939462044341,54.02089479190639,12.302367282583559,0.7922153630314357,1.9818023740080548,0.0,-13.951408299882415,3.5177719696477587,-19.949748571056908,0.07513046301011143,0.36961101869163676,0.0,414.9868049199629,417.3626039339237,415.70455617905316,416.270885554907
11.21999999999985,-53.43412979553749,54.22399814584561,11.095730724482198,0.7969824175035338,2.00408301472363,0.0,-13.870694782283177,3.253093079880978,-20.269815550141693,0.0869273181380275,0.37459252032983514,0.0,476.9040715161235,477.4167966252314,476.2559634673577,477.1627278164104
11.279999999999848,-54.2604281273724,54.41242349808705,9.87125278524315,0.8020324236901333,2.0264435803710423,0.0,-13.67220847183236,3.028279610392599,-20.54470434617587,0.07798288275569039,0.3685522130879274,0.0,441.09052385663193,440.7357317694208,442.4245250403834,441.6925602032776
11.339999999999847,-55.072435867992816,54.58828976031301,8.631356444000458,0.8064531002090618,2.0486316246891825,0.0,-13.395634340699788,2.8342627202813553,-20.784065800175302,0.06326954800170205,0.37218032732455636,0.0,412.27821787890167,412.7518312075476,414.32437364866405,413.03200055259646
11.399999999999846,-55.86976082060509,54.75193078990548,7.376692686325831,0.811062149623293,2.070581628118248,0.0,-13.181677423550408,2.6210074442808975,-21.036744392445765,0.0953336887372341,0.34852696633497593,0.0,435.6904134660896,433.84694644319546,433.71662199967335,436.40840929497216
11.459999999999845,-56.653450780230656,54.90319513584854,6.107433199789317,0.816539681833758,2.0915376982663876,0.0,-12.941812741571368,2.421511823946138,-21.270679029733717,0.08165701153676472,0.350705624201028,0.0,424.70079425617513,425.0195349432413,426.00362602012905,424.83867926596974
11.519999999999843,-57.42748467832096,55.040610144911724,4.822544690627551,0.8214106897511648,2.1123451323961575,0.0,-12.857042413671637,2.1600468851218837,-21.55707545158945,0.08021975675288318,0.33754289081488614,0.0,481.34850237663835,480.464034276298,481.1380020357673,481.0338432950282
11.579999999999842,-58.192481323212704,55.16410993493168,3.522294428833172,0.8264960305060303,2.1326628800600282,0.0,-12.642884051056475,1.957122031361669,-21.783338884873608,0.09255427854769137,0.3407117333892679,0.0,438.1802764229237,438.56339480405177,438.9134841359359,439.9428923785224
11.63999999999984,-58.94351494380771,55.27606561262931,2.2092128009679737,0.8318942227559099,2.152978572022308,0.0,-12.392357498233013,1.7750723241477226,-21.984939598875574,0.0842271456872912,0.3339987007926648,0.0,424.9886141820672,424.53585362418016,424.15516769624224,423.44584448021226
11.69999999999984,-59.684171702732364,55.374959051048265,0.8822470583615382,0.8365211032841362,2.1735210242902667,0.0,-12.294249665728879,1.5225453464596952,-22.24536884432113,0.05648814370548534,0.3553015874336012,0.0,480.3695005003593,482.0933423106604,481.0236928686842,478.9205953658464
11.759999999999838,-60.41433967864916,55.46111767740562,0.0,0.8394537117952536,2.194959834358791,0.0,-12.045210283982632,1.3499659354220577,-22.42897865231252,0.02582591356001567,0.36105008024279794,0.0,427.2174652325983,427.8448756459009,428.62123099564946,426.0061163019976
